daniel:
[  0.00000000e+00   0.00000000e+00   2.51327412e+00   8.37758041e-01
   3.59039160e-01   1.79519580e-01   9.97331001e-02   5.98398601e-02
   3.80799110e-02   2.53866073e-02   1.75753435e-02   1.25538168e-02
   9.20613232e-03   6.90459924e-03   5.27998765e-03   4.10665706e-03
   3.24209768e-03   2.59367815e-03   2.09964421e-03   1.71789072e-03
   1.41912712e-03   1.18260593e-03   9.93388981e-04   8.40559907e-04
   7.16032514e-04   6.13742155e-04   5.29088064e-04   4.58542989e-04
   3.99376152e-04   3.49454133e-04   3.07096056e-04   2.70967108e-04
   2.39999439e-04   2.13332834e-04   1.90269825e-04   1.70241423e-04
   1.52780764e-04   1.37502688e-04   1.24087791e-04   1.12269906e-04
   1.01826194e-04   9.25692674e-05   8.43408880e-05   7.70068978e-05
   7.04531192e-05   6.45820260e-05   5.93100239e-05   5.45652219e-05]


self:
[  0.00000000e+00   0.00000000e+00   1.51597124e+02   5.02654825e-01
   1.67551608e-01   7.18078321e-02   3.59039160e-02   1.99466200e-02
   1.19679720e-02   7.61598219e-03   5.07732146e-03   3.51506870e-03
   2.51076336e-03   1.84122646e-03   1.38091985e-03   1.05599753e-03
   8.21331413e-04   6.48419536e-04   5.18735629e-04   4.19928843e-04
   3.43578144e-04   2.83825423e-04   2.36521186e-04   1.98677796e-04
   1.68111981e-04   1.43206503e-04   1.22748431e-04   1.05817613e-04
   9.17085978e-05   7.98752303e-05   6.98908266e-05   6.14192112e-05
   5.41934217e-05   4.79998878e-05   4.26665669e-05   3.80539651e-05
   3.40482845e-05   3.05561528e-05   2.75005375e-05   2.48175582e-05
   2.24539813e-05   2.03652388e-05   1.85138535e-05   1.68681776e-05
   1.54013796e-05   1.40906238e-05   1.29164052e-05   1.18620048e-05]